Date,Average pressure [Pa]
2015-01-01_00,95886.375
2015-01-01_06,96026.76
2015-01-01_12,95758.64
2015-01-01_18,95831.08
2015-01-02_00,95622.805
2015-01-02_06,95921.83
2015-01-02_12,95893.945
2015-01-02_18,96048.09
2015-01-03_00,95976.95
2015-01-03_06,96037.65
2015-01-03_12,95653.0
2015-01-03_18,95630.91
2015-01-04_00,95519.68
2015-01-04_06,95701.516
2015-01-04_12,95569.21
2015-01-04_18,95805.59
2015-01-05_00,95840.82
2015-01-05_06,95981.34
2015-01-05_12,95699.17
2015-01-05_18,95760.64
2015-01-06_00,95578.76
2015-01-06_06,95641.14
2015-01-06_12,95267.555
2015-01-06_18,95347.7
2015-01-07_00,95409.42
2015-01-07_06,95656.88
2015-01-07_12,95273.76
2015-01-07_18,95323.46
2015-01-08_00,95607.27
2015-01-08_06,95899.266
2015-01-08_12,95838.41
2015-01-08_18,96024.85
2015-01-09_00,95864.086
2015-01-09_06,95881.32
2015-01-09_12,95503.25
2015-01-09_18,95546.484
2015-01-10_00,95396.97
2015-01-10_06,95776.266
2015-01-10_12,95823.63
2015-01-10_18,96176.3
2015-01-11_00,96086.914
2015-01-11_06,96157.27
2015-01-11_12,96081.34
2015-01-11_18,96498.76
2015-01-12_00,96734.766
2015-01-12_06,96962.84
2015-01-12_12,96727.17
2015-01-12_18,96789.41
2015-01-13_00,96664.33
2015-01-13_06,96709.4
2015-01-13_12,96386.234
2015-01-13_18,96461.79
2015-01-14_00,96313.13
2015-01-14_06,96361.305
2015-01-14_12,95983.64
2015-01-14_18,95984.375
2015-01-15_00,95558.33
2015-01-15_06,95563.695
2015-01-15_12,95491.164
2015-01-15_18,95838.94
2015-01-16_00,95928.445
2015-01-16_06,96143.12
2015-01-16_12,95973.61
2015-01-16_18,96061.06
2015-01-17_00,96036.74
2015-01-17_06,96108.16
2015-01-17_12,95946.484
2015-01-17_18,96104.81
2015-01-18_00,96135.984
2015-01-18_06,96337.41
2015-01-18_12,96115.305
2015-01-18_18,96227.05
2015-01-19_00,96228.08
2015-01-19_06,96305.93
2015-01-19_12,96052.3
2015-01-19_18,96135.25
2015-01-20_00,96074.17
2015-01-20_06,96182.125
2015-01-20_12,96030.17
2015-01-20_18,96168.21
2015-01-21_00,96215.5
2015-01-21_06,96406.664
2015-01-21_12,96285.87
2015-01-21_18,96364.89
2015-01-22_00,96160.79
2015-01-22_06,96184.57
2015-01-22_12,95887.43
2015-01-22_18,95917.7
2015-01-23_00,95913.13
2015-01-23_06,96120.24
2015-01-23_12,95893.45
2015-01-23_18,96022.46
2015-01-24_00,95968.06
2015-01-24_06,96078.516
2015-01-24_12,95904.03
2015-01-24_18,95982.375
2015-01-25_00,95925.37
2015-01-25_06,95974.44
2015-01-25_12,95762.89
2015-01-25_18,95826.734
2015-01-26_00,95645.09
2015-01-26_06,95670.61
2015-01-26_12,95435.84
2015-01-26_18,95603.81
2015-01-27_00,95620.46
2015-01-27_06,95840.305
2015-01-27_12,95646.09
2015-01-27_18,95726.34
2015-01-28_00,95499.95
2015-01-28_06,95347.95
2015-01-28_12,94951.15
2015-01-28_18,95125.56
2015-01-29_00,95228.125
2015-01-29_06,95488.33
2015-01-29_12,95295.875
2015-01-29_18,95484.01
2015-01-30_00,95372.46
2015-01-30_06,95508.52
2015-01-30_12,95362.43
2015-01-30_18,95806.445
2015-01-31_00,95991.06
2015-01-31_06,96245.44
2015-01-31_12,96022.336
2015-01-31_18,96215.45
2015-02-01_00,96150.39
2015-02-01_06,96271.0
2015-02-01_12,96043.9
2015-02-01_18,96088.41
2015-02-02_00,95952.64
2015-02-02_06,95932.4
2015-02-02_12,95560.2
2015-02-02_18,95494.07
2015-02-03_00,95231.27
2015-02-03_06,95393.53
2015-02-03_12,95284.81
2015-02-03_18,95502.98
2015-02-04_00,95586.59
2015-02-04_06,95915.6
2015-02-04_12,95872.14
2015-02-04_18,96035.25
2015-02-05_00,96082.94
2015-02-05_06,96278.61
2015-02-05_12,96080.54
2015-02-05_18,96157.88
2015-02-06_00,96072.78
2015-02-06_06,96217.164
2015-02-06_12,95898.44
2015-02-06_18,95919.6
2015-02-07_00,95714.97
2015-02-07_06,95544.38
2015-02-07_12,95086.87
2015-02-07_18,94912.11
2015-02-08_00,94609.23
2015-02-08_06,94810.87
2015-02-08_12,94736.33
2015-02-08_18,95064.52
2015-02-09_00,95078.125
2015-02-09_06,95143.21
2015-02-09_12,94770.46
2015-02-09_18,94735.18
2015-02-10_00,94635.18
2015-02-10_06,94963.72
2015-02-10_12,94757.25
2015-02-10_18,94757.2
2015-02-11_00,94761.5
2015-02-11_06,95023.76
2015-02-11_12,94877.83
2015-02-11_18,94948.66
2015-02-12_00,95343.99
2015-02-12_06,95681.49
2015-02-12_12,95563.06
2015-02-12_18,95792.36
2015-02-13_00,95684.08
2015-02-13_06,95769.41
2015-02-13_12,95377.88
2015-02-13_18,95576.414
2015-02-14_00,95586.06
2015-02-14_06,95799.63
2015-02-14_12,95547.95
2015-02-14_18,95659.72
2015-02-15_00,95545.9
2015-02-15_06,95674.46
2015-02-15_12,95365.6
2015-02-15_18,95393.75
2015-02-16_00,95206.375
2015-02-16_06,95351.88
2015-02-16_12,95249.78
2015-02-16_18,95566.5
2015-02-17_00,95547.85
2015-02-17_06,95737.16
2015-02-17_12,95510.4
2015-02-17_18,95553.42
2015-02-18_00,95492.8
2015-02-18_06,95627.71
2015-02-18_12,95397.29
2015-02-18_18,95384.25
2015-02-19_00,95259.35
2015-02-19_06,95329.0
2015-02-19_12,94987.13
2015-02-19_18,94889.43
2015-02-20_00,94586.81
2015-02-20_06,94716.48
2015-02-20_12,94383.25
2015-02-20_18,94511.65
2015-02-21_00,94591.31
2015-02-21_06,94813.82
2015-02-21_12,94797.31
2015-02-21_18,95342.164
2015-02-22_00,95662.984
2015-02-22_06,96055.91
2015-02-22_12,96010.11
2015-02-22_18,96154.91
2015-02-23_00,96180.23
2015-02-23_06,96348.07
2015-02-23_12,96135.45
2015-02-23_18,96242.41
2015-02-24_00,96016.5
2015-02-24_06,95926.66
2015-02-24_12,95431.23
2015-02-24_18,95371.266
2015-02-25_00,95125.85
2015-02-25_06,95317.67
2015-02-25_12,95417.77
2015-02-25_18,95806.59
2015-02-26_00,95957.35
2015-02-26_06,96295.05
2015-02-26_12,96170.555
2015-02-26_18,96230.56
2015-02-27_00,96108.64
2015-02-27_06,96209.305
2015-02-27_12,95904.055
2015-02-27_18,95870.945
2015-02-28_00,95665.11
2015-02-28_06,95645.73
2015-02-28_12,95257.16
2015-02-28_18,95351.22
2015-03-01_00,95296.78
2015-03-01_06,95565.8
2015-03-01_12,95418.12
2015-03-01_18,95469.21
2015-03-02_00,95379.03
2015-03-02_06,95607.08
2015-03-02_12,95419.31
2015-03-02_18,95617.875
2015-03-03_00,95617.75
2015-03-03_06,95804.56
2015-03-03_12,95557.55
2015-03-03_18,95676.32
2015-03-04_00,95597.24
2015-03-04_06,95822.22
2015-03-04_12,95585.45
2015-03-04_18,95674.805
2015-03-05_00,95614.52
2015-03-05_06,95858.47
2015-03-05_12,95807.55
2015-03-05_18,96103.32
2015-03-06_00,96231.88
2015-03-06_06,96571.05
2015-03-06_12,96396.555
2015-03-06_18,96404.56
2015-03-07_00,96259.16
2015-03-07_06,96318.875
2015-03-07_12,96004.734
2015-03-07_18,95970.53
2015-03-08_00,95837.57
2015-03-08_06,95868.625
2015-03-08_12,95537.695
2015-03-08_18,95614.45
2015-03-09_00,95566.67
2015-03-09_06,95744.945
2015-03-09_12,95679.76
2015-03-09_18,95927.47
2015-03-10_00,95900.484
2015-03-10_06,96134.42
2015-03-10_12,95939.19
2015-03-10_18,95962.43
2015-03-11_00,95907.984
2015-03-11_06,95975.54
2015-03-11_12,95656.81
2015-03-11_18,95596.7
2015-03-12_00,95389.26
2015-03-12_06,95364.04
2015-03-12_12,94898.05
2015-03-12_18,95388.94
2015-03-13_00,95611.55
2015-03-13_06,95907.18
2015-03-13_12,95707.88
2015-03-13_18,95851.76
2015-03-14_00,95779.69
2015-03-14_06,95956.03
2015-03-14_12,95651.56
2015-03-14_18,95744.51
2015-03-15_00,95665.26
2015-03-15_06,95814.45
2015-03-15_12,95614.36
2015-03-15_18,95676.1
2015-03-16_00,95529.64
2015-03-16_06,95689.72
2015-03-16_12,95387.67
2015-03-16_18,95437.45
2015-03-17_00,95397.31
2015-03-17_06,95560.52
2015-03-17_12,95354.0
2015-03-17_18,95450.66
2015-03-18_00,95472.02
2015-03-18_06,95618.45
2015-03-18_12,95357.445
2015-03-18_18,95435.42
2015-03-19_00,95285.74
2015-03-19_06,95395.83
2015-03-19_12,94968.945
2015-03-19_18,95054.32
2015-03-20_00,95161.87
2015-03-20_06,95548.22
2015-03-20_12,95441.7
2015-03-20_18,95486.81
2015-03-21_00,95504.42
2015-03-21_06,95691.26
2015-03-21_12,95362.04
2015-03-21_18,95253.91
2015-03-22_00,95202.39
2015-03-22_06,95659.57
2015-03-22_12,95538.45
2015-03-22_18,95685.23
2015-03-23_00,95826.3
2015-03-23_06,96131.03
2015-03-23_12,96013.8
2015-03-23_18,95903.586
2015-03-24_00,95794.66
2015-03-24_06,95842.26
2015-03-24_12,95491.21
2015-03-24_18,95566.04
2015-03-25_00,95398.83
2015-03-25_06,95579.0
2015-03-25_12,95386.94
2015-03-25_18,95451.17
2015-03-26_00,95521.414
2015-03-26_06,95800.17
2015-03-26_12,95771.9
2015-03-26_18,95888.55
2015-03-27_00,95944.21
2015-03-27_06,96101.0
2015-03-27_12,95792.19
2015-03-27_18,95812.26
2015-03-28_00,95661.48
2015-03-28_06,95674.95
2015-03-28_12,95233.23
2015-03-28_18,95113.67
2015-03-29_00,94889.94
2015-03-29_06,95084.25
2015-03-29_12,94876.15
2015-03-29_18,94873.12
2015-03-30_00,94869.8
2015-03-30_06,95184.23
2015-03-30_12,95139.33
2015-03-30_18,95291.625
2015-03-31_00,95260.45
2015-03-31_06,95617.31
2015-03-31_12,95360.35
2015-03-31_18,95290.77
2015-04-01_00,94972.63
2015-04-01_06,95114.48
2015-04-01_12,95221.29
2015-04-01_18,95430.91
2015-04-02_00,95334.13
2015-04-02_06,95473.46
2015-04-02_12,95221.85
2015-04-02_18,95253.734
2015-04-03_00,95099.68
2015-04-03_06,95169.555
2015-04-03_12,94867.19
2015-04-03_18,94825.56
2015-04-04_00,94782.91
2015-04-04_06,94939.43
2015-04-04_12,94847.02
2015-04-04_18,95126.54
2015-04-05_00,95240.75
2015-04-05_06,95617.43
2015-04-05_12,95590.6
2015-04-05_18,95764.086
2015-04-06_00,95621.0
2015-04-06_06,95790.945
2015-04-06_12,95536.74
2015-04-06_18,95518.19
2015-04-07_00,95347.85
2015-04-07_06,95442.04
2015-04-07_12,95132.64
2015-04-07_18,95273.78
2015-04-08_00,95292.99
2015-04-08_06,95510.18
2015-04-08_12,95319.555
2015-04-08_18,95301.734
2015-04-09_00,95089.5
2015-04-09_06,95090.41
2015-04-09_12,94560.48
2015-04-09_18,94436.234
2015-04-10_00,94797.36
2015-04-10_06,95091.016
2015-04-10_12,94897.61
2015-04-10_18,94788.74
2015-04-11_00,94843.77
2015-04-11_06,95246.63
2015-04-11_12,95100.09
2015-04-11_18,95225.24
2015-04-12_00,95126.61
2015-04-12_06,95413.13
2015-04-12_12,95358.57
2015-04-12_18,95614.26
2015-04-13_00,95744.21
2015-04-13_06,96010.55
2015-04-13_12,95867.38
2015-04-13_18,95946.05
2015-04-14_00,95861.57
2015-04-14_06,95967.945
2015-04-14_12,95677.08
2015-04-14_18,95671.61
2015-04-15_00,95508.18
2015-04-15_06,95666.84
2015-04-15_12,95279.3
2015-04-15_18,95143.82
2015-04-16_00,95064.19
2015-04-16_06,95425.07
2015-04-16_12,95541.87
2015-04-16_18,95814.36
2015-04-17_00,95883.47
2015-04-17_06,96157.57
2015-04-17_12,95946.73
2015-04-17_18,95971.09
2015-04-18_00,95848.195
2015-04-18_06,96049.7
2015-04-18_12,95806.91
2015-04-18_18,95803.25
2015-04-19_00,95642.77
2015-04-19_06,95794.99
2015-04-19_12,95527.49
2015-04-19_18,95521.555
2015-04-20_00,95408.35
2015-04-20_06,95565.8
2015-04-20_12,95328.78
2015-04-20_18,95295.336
2015-04-21_00,95146.29
2015-04-21_06,95160.62
2015-04-21_12,94862.55
2015-04-21_18,94846.414
2015-04-22_00,94928.3
2015-04-22_06,95302.86
2015-04-22_12,95124.39
2015-04-22_18,95069.945
2015-04-23_00,94858.08
2015-04-23_06,95158.23
2015-04-23_12,95065.086
2015-04-23_18,95274.875
2015-04-24_00,95526.24
2015-04-24_06,95920.61
2015-04-24_12,95793.53
2015-04-24_18,95980.984
2015-04-25_00,96002.47
2015-04-25_06,96301.195
2015-04-25_12,96070.945
2015-04-25_18,96076.39
2015-04-26_00,95952.54
2015-04-26_06,96031.59
2015-04-26_12,95692.51
2015-04-26_18,95652.69
2015-04-27_00,95542.92
2015-04-27_06,95719.83
2015-04-27_12,95394.38
2015-04-27_18,95393.234
2015-04-28_00,95323.875
2015-04-28_06,95606.2
2015-04-28_12,95483.74
2015-04-28_18,95524.875
2015-04-29_00,95443.36
2015-04-29_06,95672.63
2015-04-29_12,95461.67
2015-04-29_18,95434.42
2015-04-30_00,95285.25
2015-04-30_06,95290.6
2015-04-30_12,94952.516
2015-04-30_18,94910.84
2015-05-01_00,95021.97
2015-05-01_06,95316.84
2015-05-01_12,95221.31
2015-05-01_18,95246.336
2015-05-02_00,95257.3
2015-05-02_06,95385.11
2015-05-02_12,95260.48
2015-05-02_18,95257.88
2015-05-03_00,95205.88
2015-05-03_06,95383.47
2015-05-03_12,95062.18
2015-05-03_18,94942.12
2015-05-04_00,94729.125
2015-05-04_06,94653.195
2015-05-04_12,94517.555
2015-05-04_18,94690.11
2015-05-05_00,94732.57
2015-05-05_06,94972.39
2015-05-05_12,94819.99
2015-05-05_18,94832.33
2015-05-06_00,94777.47
2015-05-06_06,94984.62
2015-05-06_12,94757.375
2015-05-06_18,94680.59
2015-05-07_00,94587.04
2015-05-07_06,94752.414
2015-05-07_12,94687.82
2015-05-07_18,94923.875
2015-05-08_00,94936.28
2015-05-08_06,95123.44
2015-05-08_12,94785.2
2015-05-08_18,94893.875
2015-05-09_00,94788.28
2015-05-09_06,94896.31
2015-05-09_12,94634.28
2015-05-09_18,94610.914
2015-05-10_00,94586.234
2015-05-10_06,94771.19
2015-05-10_12,94565.53
2015-05-10_18,94620.14
2015-05-11_00,94739.41
2015-05-11_06,95054.64
2015-05-11_12,95053.88
2015-05-11_18,95149.56
2015-05-12_00,95073.05
2015-05-12_06,95241.11
2015-05-12_12,94937.26
2015-05-12_18,94893.625
2015-05-13_00,95046.29
2015-05-13_06,95298.195
2015-05-13_12,95092.77
2015-05-13_18,94982.72
2015-05-14_00,94851.05
2015-05-14_06,95105.3
2015-05-14_12,95165.04
2015-05-14_18,95263.16
2015-05-15_00,95352.61
2015-05-15_06,95795.36
2015-05-15_12,95707.055
2015-05-15_18,95807.01
2015-05-16_00,95860.96
2015-05-16_06,96067.555
2015-05-16_12,95806.88
2015-05-16_18,95780.375
2015-05-17_00,95652.34
2015-05-17_06,95732.72
2015-05-17_12,95429.54
2015-05-17_18,95395.09
2015-05-18_00,95373.51
2015-05-18_06,95523.56
2015-05-18_12,95267.12
2015-05-18_18,95242.555
2015-05-19_00,95209.984
2015-05-19_06,95318.06
2015-05-19_12,95088.695
2015-05-19_18,95052.414
2015-05-20_00,94992.58
2015-05-20_06,95188.766
2015-05-20_12,94977.25
2015-05-20_18,94976.414
2015-05-21_00,94866.19
2015-05-21_06,95031.125
2015-05-21_12,94741.87
2015-05-21_18,94611.45
2015-05-22_00,94499.91
2015-05-22_06,94711.59
2015-05-22_12,94713.234
2015-05-22_18,94869.99
2015-05-23_00,94959.18
2015-05-23_06,95181.516
2015-05-23_12,95025.85
2015-05-23_18,95087.04
2015-05-24_00,95091.82
2015-05-24_06,95304.91
2015-05-24_12,95138.48
2015-05-24_18,95186.18
2015-05-25_00,95208.11
2015-05-25_06,95423.44
2015-05-25_12,95305.4
2015-05-25_18,95249.37
2015-05-26_00,95168.21
2015-05-26_06,95355.516
2015-05-26_12,95138.234
2015-05-26_18,95086.28
2015-05-27_00,95123.02
2015-05-27_06,95407.64
2015-05-27_12,95243.8
2015-05-27_18,95166.06
2015-05-28_00,94999.15
2015-05-28_06,95085.62
2015-05-28_12,94758.5
2015-05-28_18,94641.75
2015-05-29_00,94523.31
2015-05-29_06,94794.92
2015-05-29_12,94775.56
2015-05-29_18,94797.09
2015-05-30_00,94829.78
2015-05-30_06,95136.96
2015-05-30_12,95004.95
2015-05-30_18,95022.805
2015-05-31_00,95034.96
2015-05-31_06,95317.21
2015-05-31_12,95068.266
2015-05-31_18,95082.18
2015-06-01_00,94902.86
2015-06-01_06,95044.41
2015-06-01_12,94851.516
2015-06-01_18,94785.695
2015-06-02_00,94741.48
2015-06-02_06,94897.266
2015-06-02_12,94921.66
2015-06-02_18,95117.19
2015-06-03_00,95243.36
2015-06-03_06,95438.6
2015-06-03_12,95292.99
2015-06-03_18,95244.9
2015-06-04_00,95156.1
2015-06-04_06,95270.164
2015-06-04_12,95051.3
2015-06-04_18,94759.766
2015-06-05_00,94668.555
2015-06-05_06,94748.7
2015-06-05_12,94686.28
2015-06-05_18,94816.19
2015-06-06_00,94925.34
2015-06-06_06,95306.836
2015-06-06_12,95142.6
2015-06-06_18,95196.9
2015-06-07_00,95233.55
2015-06-07_06,95441.89
2015-06-07_12,95291.7
2015-06-07_18,95272.14
2015-06-08_00,95271.58
2015-06-08_06,95439.67
2015-06-08_12,95288.52
2015-06-08_18,95265.06
2015-06-09_00,95219.68
2015-06-09_06,95339.04
2015-06-09_12,95098.98
2015-06-09_18,94991.84
2015-06-10_00,94857.984
2015-06-10_06,95052.195
2015-06-10_12,94815.84
2015-06-10_18,94782.59
2015-06-11_00,94792.77
2015-06-11_06,95040.14
2015-06-11_12,94877.88
2015-06-11_18,94871.36
2015-06-12_00,94871.92
2015-06-12_06,95118.73
2015-06-12_12,95013.016
2015-06-12_18,94954.25
2015-06-13_00,94847.22
2015-06-13_06,95087.766
2015-06-13_12,94864.72
2015-06-13_18,94806.86
2015-06-14_00,94688.19
2015-06-14_06,94855.4
2015-06-14_12,94686.766
2015-06-14_18,94616.87
2015-06-15_00,94508.33
2015-06-15_06,94724.39
2015-06-15_12,94563.625
2015-06-15_18,94509.914
2015-06-16_00,94491.7
2015-06-16_06,94677.516
2015-06-16_12,94432.766
2015-06-16_18,94394.29
2015-06-17_00,94353.47
2015-06-17_06,94517.7
2015-06-17_12,94333.13
2015-06-17_18,94374.0
2015-06-18_00,94425.54
2015-06-18_06,94680.79
2015-06-18_12,94561.81
2015-06-18_18,94586.45
2015-06-19_00,94614.99
2015-06-19_06,94795.484
2015-06-19_12,94654.2
2015-06-19_18,94637.984
2015-06-20_00,94588.55
2015-06-20_06,94814.625
2015-06-20_12,94684.08
2015-06-20_18,94662.35
2015-06-21_00,94670.24
2015-06-21_06,94842.92
2015-06-21_12,94719.234
2015-06-21_18,94690.5
2015-06-22_00,94678.88
2015-06-22_06,94872.875
2015-06-22_12,94761.79
2015-06-22_18,94692.82
2015-06-23_00,94613.305
2015-06-23_06,94746.58
2015-06-23_12,94595.484
2015-06-23_18,94606.96
2015-06-24_00,94597.14
2015-06-24_06,94806.64
2015-06-24_12,94642.82
2015-06-24_18,94663.766
2015-06-25_00,94609.18
2015-06-25_06,94794.29
2015-06-25_12,94601.44
2015-06-25_18,94573.07
2015-06-26_00,94509.11
2015-06-26_06,94671.53
2015-06-26_12,94524.805
2015-06-26_18,94547.36
2015-06-27_00,94560.375
2015-06-27_06,94789.38
2015-06-27_12,94654.54
2015-06-27_18,94702.125
2015-06-28_00,94725.586
2015-06-28_06,94896.75
2015-06-28_12,94760.11
2015-06-28_18,94769.555
2015-06-29_00,94854.71
2015-06-29_06,95157.3
2015-06-29_12,95065.04
2015-06-29_18,95090.53
2015-06-30_00,95023.31
2015-06-30_06,95216.04
2015-06-30_12,95131.91
2015-06-30_18,95148.78
2015-07-01_00,95088.5
2015-07-01_06,95311.2
2015-07-01_12,95134.11
2015-07-01_18,95059.766
2015-07-02_00,94965.89
2015-07-02_06,95156.25
2015-07-02_12,94949.07
2015-07-02_18,94885.45
2015-07-03_00,94830.8
2015-07-03_06,95010.83
2015-07-03_12,94871.25
2015-07-03_18,94842.6
2015-07-04_00,94863.8
2015-07-04_06,95027.805
2015-07-04_12,94950.44
2015-07-04_18,94991.6
2015-07-05_00,94974.37
2015-07-05_06,95098.29
2015-07-05_12,94981.3
2015-07-05_18,94913.13
2015-07-06_00,94877.664
2015-07-06_06,95027.734
2015-07-06_12,94883.59
2015-07-06_18,94784.96
2015-07-07_00,94653.03
2015-07-07_06,94835.94
2015-07-07_12,94638.87
2015-07-07_18,94557.47
2015-07-08_00,94487.57
2015-07-08_06,94679.49
2015-07-08_12,94541.016
2015-07-08_18,94540.77
2015-07-09_00,94603.664
2015-07-09_06,94906.1
2015-07-09_12,94793.19
2015-07-09_18,94801.3
2015-07-10_00,94788.45
2015-07-10_06,95006.16
2015-07-10_12,94742.45
2015-07-10_18,94653.64
2015-07-11_00,94567.875
2015-07-11_06,94708.79
2015-07-11_12,94475.516
2015-07-11_18,94352.69
2015-07-12_00,94314.72
2015-07-12_06,94450.0
2015-07-12_12,94310.03
2015-07-12_18,94301.98
2015-07-13_00,94296.02
2015-07-13_06,94522.07
2015-07-13_12,94420.51
2015-07-13_18,94446.61
2015-07-14_00,94398.31
2015-07-14_06,94582.664
2015-07-14_12,94391.6
2015-07-14_18,94424.85
2015-07-15_00,94387.984
2015-07-15_06,94561.65
2015-07-15_12,94446.09
2015-07-15_18,94453.42
2015-07-16_00,94463.72
2015-07-16_06,94636.06
2015-07-16_12,94529.03
2015-07-16_18,94549.29
2015-07-17_00,94507.55
2015-07-17_06,94663.625
2015-07-17_12,94516.97
2015-07-17_18,94487.5
2015-07-18_00,94431.91
2015-07-18_06,94533.62
2015-07-18_12,94323.12
2015-07-18_18,94267.97
2015-07-19_00,94210.13
2015-07-19_06,94361.375
2015-07-19_12,94218.164
2015-07-19_18,94231.96
2015-07-20_00,94213.87
2015-07-20_06,94387.06
2015-07-20_12,94267.19
2015-07-20_18,94314.48
2015-07-21_00,94285.55
2015-07-21_06,94425.91
2015-07-21_12,94276.66
2015-07-21_18,94328.42
2015-07-22_00,94379.47
2015-07-22_06,94564.8
2015-07-22_12,94435.03
2015-07-22_18,94489.8
2015-07-23_00,94452.78
2015-07-23_06,94658.766
2015-07-23_12,94592.8
2015-07-23_18,94576.32
2015-07-24_00,94613.914
2015-07-24_06,94811.35
2015-07-24_12,94689.77
2015-07-24_18,94684.55
2015-07-25_00,94656.25
2015-07-25_06,94822.02
2015-07-25_12,94629.91
2015-07-25_18,94619.83
2015-07-26_00,94527.49
2015-07-26_06,94664.06
2015-07-26_12,94504.81
2015-07-26_18,94472.266
2015-07-27_00,94398.09
2015-07-27_06,94601.63
2015-07-27_12,94443.58
2015-07-27_18,94396.85
2015-07-28_00,94305.03
2015-07-28_06,94532.836
2015-07-28_12,94445.51
2015-07-28_18,94380.4
2015-07-29_00,94424.61
2015-07-29_06,94560.62
2015-07-29_12,94416.5
2015-07-29_18,94391.73
2015-07-30_00,94422.09
2015-07-30_06,94613.35
2015-07-30_12,94494.234
2015-07-30_18,94516.75
2015-07-31_00,94532.4
2015-07-31_06,94704.95
2015-07-31_12,94563.45
2015-07-31_18,94614.016
2015-08-01_00,94599.195
2015-08-01_06,94786.695
2015-08-01_12,94685.695
2015-08-01_18,94728.71
2015-08-02_00,94811.5
2015-08-02_06,94988.06
2015-08-02_12,94939.36
2015-08-02_18,94946.05
2015-08-03_00,94935.2
2015-08-03_06,95006.79
2015-08-03_12,94849.0
2015-08-03_18,94814.5
2015-08-04_00,94817.336
2015-08-04_06,94884.16
2015-08-04_12,94730.49
2015-08-04_18,94689.086
2015-08-05_00,94684.67
2015-08-05_06,94833.89
2015-08-05_12,94610.2
2015-08-05_18,94590.164
2015-08-06_00,94570.22
2015-08-06_06,94706.42
2015-08-06_12,94563.41
2015-08-06_18,94532.96
2015-08-07_00,94578.1
2015-08-07_06,94747.73
2015-08-07_12,94685.695
2015-08-07_18,94794.77
2015-08-08_00,94861.695
2015-08-08_06,95154.516
2015-08-08_12,95047.51
2015-08-08_18,95035.67
2015-08-09_00,94974.46
2015-08-09_06,95154.984
2015-08-09_12,94924.68
2015-08-09_18,94912.57
2015-08-10_00,94849.95
2015-08-10_06,94982.55
2015-08-10_12,94796.22
2015-08-10_18,94820.41
2015-08-11_00,94853.49
2015-08-11_06,95049.875
2015-08-11_12,94891.97
2015-08-11_18,94965.53
2015-08-12_00,94990.695
2015-08-12_06,95162.65
2015-08-12_12,94942.164
2015-08-12_18,94868.75
2015-08-13_00,94828.836
2015-08-13_06,94979.39
2015-08-13_12,94826.39
2015-08-13_18,94832.055
2015-08-14_00,94788.94
2015-08-14_06,94987.84
2015-08-14_12,94851.49
2015-08-14_18,94793.625
2015-08-15_00,94745.66
2015-08-15_06,94947.12
2015-08-15_12,94785.11
2015-08-15_18,94804.1
2015-08-16_00,94752.414
2015-08-16_06,94993.58
2015-08-16_12,94868.266
2015-08-16_18,94842.67
2015-08-17_00,94817.77
2015-08-17_06,94994.21
2015-08-17_12,94827.47
2015-08-17_18,94822.66
2015-08-18_00,94732.64
2015-08-18_06,94891.36
2015-08-18_12,94792.65
2015-08-18_18,94860.28
2015-08-19_00,94790.04
2015-08-19_06,94963.5
2015-08-19_12,94869.945
2015-08-19_18,94938.375
2015-08-20_00,94904.484
2015-08-20_06,95093.25
2015-08-20_12,94866.67
2015-08-20_18,94817.51
2015-08-21_00,94782.3
2015-08-21_06,94945.09
2015-08-21_12,94810.28
2015-08-21_18,94774.516
2015-08-22_00,94621.12
2015-08-22_06,94736.13
2015-08-22_12,94531.64
2015-08-22_18,94550.46
2015-08-23_00,94452.83
2015-08-23_06,94596.164
2015-08-23_12,94528.055
2015-08-23_18,94543.12
2015-08-24_00,94448.63
2015-08-24_06,94679.49
2015-08-24_12,94556.055
2015-08-24_18,94558.57
2015-08-25_00,94537.375
2015-08-25_06,94747.63
2015-08-25_12,94582.64
2015-08-25_18,94620.14
2015-08-26_00,94653.195
2015-08-26_06,94858.72
2015-08-26_12,94712.48
2015-08-26_18,94727.95
2015-08-27_00,94729.69
2015-08-27_06,94937.43
2015-08-27_12,94837.67
2015-08-27_18,94903.055
2015-08-28_00,94913.016
2015-08-28_06,95056.55
2015-08-28_12,94895.555
2015-08-28_18,94878.055
2015-08-29_00,94856.64
2015-08-29_06,95029.86
2015-08-29_12,94877.195
2015-08-29_18,94917.9
2015-08-30_00,94843.945
2015-08-30_06,94930.27
2015-08-30_12,94662.72
2015-08-30_18,94664.41
2015-08-31_00,94705.2
2015-08-31_06,94943.04
2015-08-31_12,94830.69
2015-08-31_18,94950.125
2015-09-01_00,94931.03
2015-09-01_06,95054.39
2015-09-01_12,94914.97
2015-09-01_18,94943.6
2015-09-02_00,94955.375
2015-09-02_06,95103.445
2015-09-02_12,94959.914
2015-09-02_18,95007.18
2015-09-03_00,94918.12
2015-09-03_06,95058.01
2015-09-03_12,94854.81
2015-09-03_18,94876.88
2015-09-04_00,94866.7
2015-09-04_06,95049.0
2015-09-04_12,94957.42
2015-09-04_18,94981.96
2015-09-05_00,94929.93
2015-09-05_06,95135.64
2015-09-05_12,94962.984
2015-09-05_18,94910.42
2015-09-06_00,94872.02
2015-09-06_06,95054.81
2015-09-06_12,94792.36
2015-09-06_18,94786.18
2015-09-07_00,94722.09
2015-09-07_06,94825.37
2015-09-07_12,94634.86
2015-09-07_18,94618.625
2015-09-08_00,94632.64
2015-09-08_06,94788.11
2015-09-08_12,94638.48
2015-09-08_18,94734.86
2015-09-09_00,94833.11
2015-09-09_06,94998.44
2015-09-09_12,94868.75
2015-09-09_18,95001.91
2015-09-10_00,95048.78
2015-09-10_06,95292.84
2015-09-10_12,95132.79
2015-09-10_18,95216.53
2015-09-11_00,95240.6
2015-09-11_06,95426.734
2015-09-11_12,95265.38
2015-09-11_18,95289.13
2015-09-12_00,95191.45
2015-09-12_06,95282.94
2015-09-12_12,95071.51
2015-09-12_18,95032.86
2015-09-13_00,95010.48
2015-09-13_06,95207.125
2015-09-13_12,95083.914
2015-09-13_18,95137.234
2015-09-14_00,95181.32
2015-09-14_06,95359.35
2015-09-14_12,95137.94
2015-09-14_18,95150.07
2015-09-15_00,95113.8
2015-09-15_06,95269.7
2015-09-15_12,95046.0
2015-09-15_18,95061.65
2015-09-16_00,95062.375
2015-09-16_06,95175.195
2015-09-16_12,94988.94
2015-09-16_18,95059.89
2015-09-17_00,95009.836
2015-09-17_06,95140.87
2015-09-17_12,94980.375
2015-09-17_18,94966.8
2015-09-18_00,94945.9
2015-09-18_06,95142.6
2015-09-18_12,94891.31
2015-09-18_18,94934.2
2015-09-19_00,94953.49
2015-09-19_06,95134.28
2015-09-19_12,95009.695
2015-09-19_18,95090.234
2015-09-20_00,95115.8
2015-09-20_06,95253.445
2015-09-20_12,94998.68
2015-09-20_18,95006.69
2015-09-21_00,94900.91
2015-09-21_06,95012.82
2015-09-21_12,94788.28
2015-09-21_18,94912.84
2015-09-22_00,94947.85
2015-09-22_06,95249.31
2015-09-22_12,95074.15
2015-09-22_18,95192.43
2015-09-23_00,95189.305
2015-09-23_06,95484.08
2015-09-23_12,95373.29
2015-09-23_18,95466.38
2015-09-24_00,95426.56
2015-09-24_06,95612.086
2015-09-24_12,95380.93
2015-09-24_18,95384.01
2015-09-25_00,95275.78
2015-09-25_06,95412.33
2015-09-25_12,95156.32
2015-09-25_18,95093.09
2015-09-26_00,95024.266
2015-09-26_06,95131.16
2015-09-26_12,94892.26
2015-09-26_18,95008.13
2015-09-27_00,95047.44
2015-09-27_06,95265.14
2015-09-27_12,95101.91
2015-09-27_18,95199.15
2015-09-28_00,95144.68
2015-09-28_06,95352.37
2015-09-28_12,95159.08
2015-09-28_18,95141.82
2015-09-29_00,95095.07
2015-09-29_06,95253.39
2015-09-29_12,95026.516
2015-09-29_18,95019.336
2015-09-30_00,95000.17
2015-09-30_06,95164.58
2015-09-30_12,95106.664
2015-09-30_18,95280.69
2015-10-01_00,95366.97
2015-10-01_06,95621.36
2015-10-01_12,95468.234
2015-10-01_18,95577.69
2015-10-02_00,95541.164
2015-10-02_06,95740.36
2015-10-02_12,95593.016
2015-10-02_18,95637.89
2015-10-03_00,95697.95
2015-10-03_06,95909.055
2015-10-03_12,95689.8
2015-10-03_18,95744.07
2015-10-04_00,95648.29
2015-10-04_06,95793.234
2015-10-04_12,95557.81
2015-10-04_18,95551.24
2015-10-05_00,95417.06
2015-10-05_06,95458.23
2015-10-05_12,95140.53
2015-10-05_18,95044.44
2015-10-06_00,94848.17
2015-10-06_06,94824.54
2015-10-06_12,94558.055
2015-10-06_18,94710.42
2015-10-07_00,94704.39
2015-10-07_06,94973.56
2015-10-07_12,94854.27
2015-10-07_18,95070.77
2015-10-08_00,95093.04
2015-10-08_06,95403.27
2015-10-08_12,95274.05
2015-10-08_18,95416.38
2015-10-09_00,95346.7
2015-10-09_06,95528.37
2015-10-09_12,95283.81
2015-10-09_18,95388.11
2015-10-10_00,95380.47
2015-10-10_06,95580.664
2015-10-10_12,95370.24
2015-10-10_18,95487.65
2015-10-11_00,95531.96
2015-10-11_06,95734.766
2015-10-11_12,95519.164
2015-10-11_18,95538.55
2015-10-12_00,95517.19
2015-10-12_06,95708.94
2015-10-12_12,95405.56
2015-10-12_18,95402.91
2015-10-13_00,95338.914
2015-10-13_06,95465.53
2015-10-13_12,95181.42
2015-10-13_18,95247.02
2015-10-14_00,95247.78
2015-10-14_06,95445.945
2015-10-14_12,95282.49
2015-10-14_18,95385.28
2015-10-15_00,95420.22
2015-10-15_06,95618.38
2015-10-15_12,95396.22
2015-10-15_18,95437.914
2015-10-16_00,95365.99
2015-10-16_06,95485.11
2015-10-16_12,95275.37
2015-10-16_18,95353.516
2015-10-17_00,95377.76
2015-10-17_06,95526.86
2015-10-17_12,95362.375
2015-10-17_18,95511.35
2015-10-18_00,95543.75
2015-10-18_06,95723.56
2015-10-18_12,95541.48
2015-10-18_18,95596.266
2015-10-19_00,95561.03
2015-10-19_06,95758.89
2015-10-19_12,95574.37
2015-10-19_18,95604.95
2015-10-20_00,95496.63
2015-10-20_06,95627.78
2015-10-20_12,95330.055
2015-10-20_18,95374.266
2015-10-21_00,95267.875
2015-10-21_06,95477.86
2015-10-21_12,95333.47
2015-10-21_18,95506.23
2015-10-22_00,95344.016
2015-10-22_06,95616.84
2015-10-22_12,95353.03
2015-10-22_18,95552.15
2015-10-23_00,95460.305
2015-10-23_06,95685.57
2015-10-23_12,95471.29
2015-10-23_18,95629.69
2015-10-24_00,95576.516
2015-10-24_06,95669.9
2015-10-24_12,95409.67
2015-10-24_18,95451.1
2015-10-25_00,95350.66
2015-10-25_06,95436.26
2015-10-25_12,95032.62
2015-10-25_18,95052.83
2015-10-26_00,95223.734
2015-10-26_06,95385.62
2015-10-26_12,95181.47
2015-10-26_18,95214.6
2015-10-27_00,95189.41
2015-10-27_06,95322.44
2015-10-27_12,95162.625
2015-10-27_18,95189.016
2015-10-28_00,95068.19
2015-10-28_06,95115.26
2015-10-28_12,94926.08
2015-10-28_18,94983.33
2015-10-29_00,94970.484
2015-10-29_06,95146.24
2015-10-29_12,95011.57
2015-10-29_18,95241.8
2015-10-30_00,95320.875
2015-10-30_06,95583.69
2015-10-30_12,95527.61
2015-10-30_18,95682.18
2015-10-31_00,95699.34
2015-10-31_06,95930.91
2015-10-31_12,95805.64
2015-10-31_18,95918.016
2015-11-01_00,95910.03
2015-11-01_06,96041.75
2015-11-01_12,95828.95
2015-11-01_18,95904.93
2015-11-02_00,95818.29
2015-11-02_06,95921.66
2015-11-02_12,95676.56
2015-11-02_18,95825.02
2015-11-03_00,95853.25
2015-11-03_06,96013.695
2015-11-03_12,95762.26
2015-11-03_18,95862.13
2015-11-04_00,95769.66
2015-11-04_06,95876.49
2015-11-04_12,95574.31
2015-11-04_18,95581.86
2015-11-05_00,95508.55
2015-11-05_06,95583.72
2015-11-05_12,95312.35
2015-11-05_18,95429.56
2015-11-06_00,95438.234
2015-11-06_06,95613.84
2015-11-06_12,95474.98
2015-11-06_18,95654.17
2015-11-07_00,95638.89
2015-11-07_06,95833.984
2015-11-07_12,95664.94
2015-11-07_18,95811.984
2015-11-08_00,95714.58
2015-11-08_06,95879.3
2015-11-08_12,95632.91
2015-11-08_18,95695.22
2015-11-09_00,95563.89
2015-11-09_06,95620.12
2015-11-09_12,95222.17
2015-11-09_18,95261.2
2015-11-10_00,95187.87
2015-11-10_06,95295.9
2015-11-10_12,95091.89
2015-11-10_18,95221.97
2015-11-11_00,95266.97
2015-11-11_06,95519.36
2015-11-11_12,95496.58
2015-11-11_18,95764.72
2015-11-12_00,95913.97
2015-11-12_06,96217.67
2015-11-12_12,96173.95
2015-11-12_18,96297.44
2015-11-13_00,96302.61
2015-11-13_06,96495.61
2015-11-13_12,96243.8
2015-11-13_18,96269.05
2015-11-14_00,96199.78
2015-11-14_06,96304.78
2015-11-14_12,96081.91
2015-11-14_18,96068.77
2015-11-15_00,95948.78
2015-11-15_06,96001.83
2015-11-15_12,95587.16
2015-11-15_18,95562.305
2015-11-16_00,95339.36
2015-11-16_06,95308.25
2015-11-16_12,94957.055
2015-11-16_18,95144.66
2015-11-17_00,95025.71
2015-11-17_06,95000.3
2015-11-17_12,94779.1
2015-11-17_18,95107.49
2015-11-18_00,95237.086
2015-11-18_06,95592.43
2015-11-18_12,95521.22
2015-11-18_18,95760.23
2015-11-19_00,95766.04
2015-11-19_06,95946.07
2015-11-19_12,95821.414
2015-11-19_18,95973.195
2015-11-20_00,95987.67
2015-11-20_06,96176.02
2015-11-20_12,95994.266
2015-11-20_18,96148.586
2015-11-21_00,96070.44
2015-11-21_06,96146.31
2015-11-21_12,95904.95
2015-11-21_18,96043.58
2015-11-22_00,95950.78
2015-11-22_06,96033.72
2015-11-22_12,95814.58
2015-11-22_18,95915.8
2015-11-23_00,95855.664
2015-11-23_06,96026.95
2015-11-23_12,95851.3
2015-11-23_18,96037.8
2015-11-24_00,96019.07
2015-11-24_06,96131.664
2015-11-24_12,95968.9
2015-11-24_18,96136.03
2015-11-25_00,96092.625
2015-11-25_06,96294.58
2015-11-25_12,96105.49
2015-11-25_18,96172.17
2015-11-26_00,96110.13
2015-11-26_06,96176.805
2015-11-26_12,95882.64
2015-11-26_18,95970.14
2015-11-27_00,95790.04
2015-11-27_06,95867.26
2015-11-27_12,95622.17
2015-11-27_18,95785.18
2015-11-28_00,95850.484
2015-11-28_06,96100.71
2015-11-28_12,95913.375
2015-11-28_18,95992.58
2015-11-29_00,95899.66
2015-11-29_06,95949.125
2015-11-29_12,95723.0
2015-11-29_18,95794.945
2015-11-30_00,95697.83
2015-11-30_06,95772.31
2015-11-30_12,95353.86
2015-11-30_18,95345.77
2015-12-01_00,95348.414
2015-12-01_06,95703.1
2015-12-01_12,95614.19
2015-12-01_18,95826.63
2015-12-02_00,95799.195
2015-12-02_06,96019.6
2015-12-02_12,95821.266
2015-12-02_18,95976.805
2015-12-03_00,95864.086
2015-12-03_06,95993.58
2015-12-03_12,95746.12
2015-12-03_18,96085.89
2015-12-04_00,96376.3
2015-12-04_06,96554.08
2015-12-04_12,96345.14
2015-12-04_18,96413.99
2015-12-05_00,96386.96
2015-12-05_06,96459.16
2015-12-05_12,96180.984
2015-12-05_18,96297.44
2015-12-06_00,96293.19
2015-12-06_06,96415.82
2015-12-06_12,96258.81
2015-12-06_18,96449.61
2015-12-07_00,96460.695
2015-12-07_06,96608.27
2015-12-07_12,96470.12
2015-12-07_18,96588.41
2015-12-08_00,96611.5
2015-12-08_06,96686.4
2015-12-08_12,96456.2
2015-12-08_18,96466.67
2015-12-09_00,96373.46
2015-12-09_06,96421.945
2015-12-09_12,96167.43
2015-12-09_18,96271.61
2015-12-10_00,96197.586
2015-12-10_06,96265.89
2015-12-10_12,96006.375
2015-12-10_18,96103.3
2015-12-11_00,95993.555
2015-12-11_06,96114.84
2015-12-11_12,95807.62
2015-12-11_18,95890.53
2015-12-12_00,95745.31
2015-12-12_06,95773.68
2015-12-12_12,95490.5
2015-12-12_18,95554.08
2015-12-13_00,95372.44
2015-12-13_06,95326.37
2015-12-13_12,95055.86
2015-12-13_18,95177.734
2015-12-14_00,95145.58
2015-12-14_06,95364.33
2015-12-14_12,95282.27
2015-12-14_18,95492.28
2015-12-15_00,95650.125
2015-12-15_06,96097.05
2015-12-15_12,96030.125
2015-12-15_18,96244.266
2015-12-16_00,96251.83
2015-12-16_06,96363.48
2015-12-16_12,96105.445
2015-12-16_18,96166.99
2015-12-17_00,96013.33
2015-12-17_06,95949.05
2015-12-17_12,95555.62
2015-12-17_18,95608.25
2015-12-18_00,95649.37
2015-12-18_06,95950.46
2015-12-18_12,95913.43
2015-12-18_18,96188.41
2015-12-19_00,96220.19
2015-12-19_06,96385.52
2015-12-19_12,96225.37
2015-12-19_18,96293.97
2015-12-20_00,96233.445
2015-12-20_06,96410.79
2015-12-20_12,96272.07
2015-12-20_18,96471.66
2015-12-21_00,96459.13
2015-12-21_06,96600.586
2015-12-21_12,96386.33
2015-12-21_18,96480.445
2015-12-22_00,96453.54
2015-12-22_06,96638.35
2015-12-22_12,96429.03
2015-12-22_18,96493.12
2015-12-23_00,96334.62
2015-12-23_06,96372.09
2015-12-23_12,96060.914
2015-12-23_18,96162.04
2015-12-24_00,96091.87
2015-12-24_06,96274.22
2015-12-24_12,96161.695
2015-12-24_18,96390.016
2015-12-25_00,96368.84
2015-12-25_06,96551.44
2015-12-25_12,96390.72
2015-12-25_18,96480.95
2015-12-26_00,96467.43
2015-12-26_06,96580.23
2015-12-26_12,96332.27
2015-12-26_18,96457.27
2015-12-27_00,96472.07
2015-12-27_06,96600.93
2015-12-27_12,96472.24
2015-12-27_18,96599.7
2015-12-28_00,96614.6
2015-12-28_06,96757.375
2015-12-28_12,96588.52
2015-12-28_18,96623.56
2015-12-29_00,96480.516
2015-12-29_06,96412.28
2015-12-29_12,95703.08
2015-12-29_18,95404.2
2015-12-30_00,94975.83
2015-12-30_06,95105.62
2015-12-30_12,95074.61
2015-12-30_18,95404.984
2015-12-31_00,95400.516
2015-12-31_06,95582.16
2015-12-31_12,95341.75
2015-12-31_18,95467.84
