Date,Average temperature [K]
2012-01-01_00,267.29614
2012-01-01_06,275.08887
2012-01-01_12,269.85876
2012-01-01_18,267.6347
2012-01-02_00,269.5014
2012-01-02_06,272.49133
2012-01-02_12,267.27588
2012-01-02_18,264.94562
2012-01-03_00,266.92358
2012-01-03_06,272.66846
2012-01-03_12,268.05432
2012-01-03_18,268.07462
2012-01-04_00,269.3055
2012-01-04_06,270.39716
2012-01-04_12,267.23083
2012-01-04_18,265.3025
2012-01-05_00,266.45602
2012-01-05_06,270.23865
2012-01-05_12,265.80072
2012-01-05_18,263.73175
2012-01-06_00,266.115
2012-01-06_06,273.17145
2012-01-06_12,269.51605
2012-01-06_18,267.31384
2012-01-07_00,267.29562
2012-01-07_06,271.8772
2012-01-07_12,266.1313
2012-01-07_18,264.11316
2012-01-08_00,265.8747
2012-01-08_06,271.86557
2012-01-08_12,266.11682
2012-01-08_18,266.16394
2012-01-09_00,267.65094
2012-01-09_06,274.78558
2012-01-09_12,269.16937
2012-01-09_18,267.08932
2012-01-10_00,268.00177
2012-01-10_06,275.90503
2012-01-10_12,269.66272
2012-01-10_18,268.94196
2012-01-11_00,271.05115
2012-01-11_06,272.89655
2012-01-11_12,267.38324
2012-01-11_18,262.9956
2012-01-12_00,263.8993
2012-01-12_06,269.95035
2012-01-12_12,265.02124
2012-01-12_18,263.99225
2012-01-13_00,265.93793
2012-01-13_06,273.17285
2012-01-13_12,269.02393
2012-01-13_18,268.23483
2012-01-14_00,267.15186
2012-01-14_06,272.98315
2012-01-14_12,267.26016
2012-01-14_18,267.50427
2012-01-15_00,267.4937
2012-01-15_06,273.0947
2012-01-15_12,270.19495
2012-01-15_18,268.21918
2012-01-16_00,268.20404
2012-01-16_06,270.90546
2012-01-16_12,269.22034
2012-01-16_18,267.98224
2012-01-17_00,267.69202
2012-01-17_06,272.6416
2012-01-17_12,267.64267
2012-01-17_18,265.12256
2012-01-18_00,266.35223
2012-01-18_06,275.22137
2012-01-18_12,269.23486
2012-01-18_18,267.654
2012-01-19_00,268.16656
2012-01-19_06,273.83105
2012-01-19_12,272.0346
2012-01-19_18,270.1931
2012-01-20_00,270.00653
2012-01-20_06,271.37338
2012-01-20_12,271.11798
2012-01-20_18,270.58685
2012-01-21_00,270.98865
2012-01-21_06,272.91205
2012-01-21_12,271.40994
2012-01-21_18,271.05554
2012-01-22_00,271.5406
2012-01-22_06,275.54425
2012-01-22_12,271.57388
2012-01-22_18,270.59366
2012-01-23_00,271.1643
2012-01-23_06,273.47552
2012-01-23_12,269.7223
2012-01-23_18,267.0255
2012-01-24_00,265.7507
2012-01-24_06,270.59955
2012-01-24_12,268.08246
2012-01-24_18,265.81677
2012-01-25_00,267.10504
2012-01-25_06,269.52094
2012-01-25_12,267.12982
2012-01-25_18,265.32333
2012-01-26_00,265.4651
2012-01-26_06,268.4857
2012-01-26_12,265.67957
2012-01-26_18,264.70224
2012-01-27_00,266.14902
2012-01-27_06,269.5312
2012-01-27_12,267.19928
2012-01-27_18,266.1541
2012-01-28_00,266.43448
2012-01-28_06,269.81805
2012-01-28_12,265.04712
2012-01-28_18,263.64075
2012-01-29_00,264.1789
2012-01-29_06,268.69928
2012-01-29_12,265.04477
2012-01-29_18,262.30444
2012-01-30_00,263.10742
2012-01-30_06,269.99268
2012-01-30_12,266.36353
2012-01-30_18,264.5301
2012-01-31_00,265.51895
2012-01-31_06,270.59198
2012-01-31_12,266.0404
2012-01-31_18,264.01556
2012-02-01_00,267.07434
2012-02-01_06,269.46094
2012-02-01_12,266.27625
2012-02-01_18,264.13397
2012-02-02_00,264.10468
2012-02-02_06,265.84158
2012-02-02_12,262.26294
2012-02-02_18,260.4015
2012-02-03_00,261.77936
2012-02-03_06,269.633
2012-02-03_12,265.5088
2012-02-03_18,264.99622
2012-02-04_00,265.6916
2012-02-04_06,271.90942
2012-02-04_12,268.79938
2012-02-04_18,266.09375
2012-02-05_00,267.5257
2012-02-05_06,274.16394
2012-02-05_12,269.53613
2012-02-05_18,268.22363
2012-02-06_00,269.48407
2012-02-06_06,272.61273
2012-02-06_12,273.99933
2012-02-06_18,277.12622
2012-02-07_00,276.26337
2012-02-07_06,277.52005
2012-02-07_12,273.70367
2012-02-07_18,271.10385
2012-02-08_00,269.10425
2012-02-08_06,270.30914
2012-02-08_12,266.92422
2012-02-08_18,264.0246
2012-02-09_00,266.3421
2012-02-09_06,269.69672
2012-02-09_12,267.24078
2012-02-09_18,265.13226
2012-02-10_00,266.17093
2012-02-10_06,272.58295
2012-02-10_12,269.1718
2012-02-10_18,266.22742
2012-02-11_00,266.93994
2012-02-11_06,272.45868
2012-02-11_12,268.0687
2012-02-11_18,265.64447
2012-02-12_00,267.79376
2012-02-12_06,272.40927
2012-02-12_12,266.841
2012-02-12_18,266.32922
2012-02-13_00,268.18777
2012-02-13_06,272.53748
2012-02-13_12,270.3625
2012-02-13_18,270.95184
2012-02-14_00,272.50006
2012-02-14_06,273.29123
2012-02-14_12,271.63116
2012-02-14_18,271.13666
2012-02-15_00,271.71606
2012-02-15_06,273.30527
2012-02-15_12,269.49884
2012-02-15_18,266.83014
2012-02-16_00,267.17935
2012-02-16_06,272.89587
2012-02-16_12,268.7333
2012-02-16_18,267.6698
2012-02-17_00,267.99426
2012-02-17_06,269.62665
2012-02-17_12,267.1693
2012-02-17_18,265.97156
2012-02-18_00,265.21667
2012-02-18_06,267.86584
2012-02-18_12,263.99097
2012-02-18_18,259.98694
2012-02-19_00,262.82846
2012-02-19_06,271.49402
2012-02-19_12,267.19708
2012-02-19_18,263.9417
2012-02-20_00,265.459
2012-02-20_06,275.17273
2012-02-20_12,268.98993
2012-02-20_18,265.70172
2012-02-21_00,267.82727
2012-02-21_06,277.7342
2012-02-21_12,272.93274
2012-02-21_18,270.10544
2012-02-22_00,271.3739
2012-02-22_06,277.61487
2012-02-22_12,273.7926
2012-02-22_18,273.06622
2012-02-23_00,273.9356
2012-02-23_06,277.9934
2012-02-23_12,274.5968
2012-02-23_18,271.01007
2012-02-24_00,272.93994
2012-02-24_06,276.98346
2012-02-24_12,273.0454
2012-02-24_18,272.73706
2012-02-25_00,273.1825
2012-02-25_06,274.5862
2012-02-25_12,272.12396
2012-02-25_18,269.78357
2012-02-26_00,269.59848
2012-02-26_06,271.21106
2012-02-26_12,268.5582
2012-02-26_18,265.4311
2012-02-27_00,266.8319
2012-02-27_06,270.45544
2012-02-27_12,264.76224
2012-02-27_18,262.68036
2012-02-28_00,265.48108
2012-02-28_06,272.28882
2012-02-28_12,267.9538
2012-02-28_18,268.963
2012-02-29_00,269.20657
2012-02-29_06,273.5335
2012-02-29_12,270.78912
2012-02-29_18,270.11023
2012-03-01_00,271.96747
2012-03-01_06,278.92346
2012-03-01_12,273.50348
2012-03-01_18,272.14764
2012-03-02_00,273.3661
2012-03-02_06,274.49762
2012-03-02_12,274.17966
2012-03-02_18,272.66632
2012-03-03_00,273.06433
2012-03-03_06,277.21588
2012-03-03_12,272.79663
2012-03-03_18,271.79575
2012-03-04_00,271.73767
2012-03-04_06,276.7746
2012-03-04_12,273.27246
2012-03-04_18,272.25238
2012-03-05_00,273.1985
2012-03-05_06,274.9873
2012-03-05_12,275.66418
2012-03-05_18,275.44733
2012-03-06_00,278.24203
2012-03-06_06,281.1101
2012-03-06_12,275.85126
2012-03-06_18,276.64847
2012-03-07_00,276.29608
2012-03-07_06,279.2543
2012-03-07_12,276.24933
2012-03-07_18,274.36157
2012-03-08_00,275.29144
2012-03-08_06,282.53052
2012-03-08_12,277.29517
2012-03-08_18,275.9215
2012-03-09_00,274.51538
2012-03-09_06,274.5998
2012-03-09_12,272.80176
2012-03-09_18,271.90143
2012-03-10_00,271.8775
2012-03-10_06,273.83807
2012-03-10_12,272.81616
2012-03-10_18,271.2594
2012-03-11_00,271.769
2012-03-11_06,277.90564
2012-03-11_12,270.47308
2012-03-11_18,266.24493
2012-03-12_00,269.49298
2012-03-12_06,271.8838
2012-03-12_12,268.20355
2012-03-12_18,265.1025
2012-03-13_00,267.95544
2012-03-13_06,272.40152
2012-03-13_12,268.79288
2012-03-13_18,266.26984
2012-03-14_00,268.14124
2012-03-14_06,275.29755
2012-03-14_12,270.5707
2012-03-14_18,268.10016
2012-03-15_00,270.6463
2012-03-15_06,274.30103
2012-03-15_12,268.0874
2012-03-15_18,266.78436
2012-03-16_00,270.984
2012-03-16_06,277.948
2012-03-16_12,273.87888
2012-03-16_18,274.24683
2012-03-17_00,275.62726
2012-03-17_06,277.74268
2012-03-17_12,276.99847
2012-03-17_18,275.73276
2012-03-18_00,277.80655
2012-03-18_06,279.64386
2012-03-18_12,276.8433
2012-03-18_18,273.6551
2012-03-19_00,271.917
2012-03-19_06,275.07153
2012-03-19_12,270.72998
2012-03-19_18,267.00192
2012-03-20_00,270.13043
2012-03-20_06,278.55527
2012-03-20_12,272.15405
2012-03-20_18,267.70013
2012-03-21_00,270.45544
2012-03-21_06,275.7696
2012-03-21_12,269.67783
2012-03-21_18,267.93317
2012-03-22_00,272.26776
2012-03-22_06,279.8117
2012-03-22_12,275.20178
2012-03-22_18,273.0412
2012-03-23_00,273.64648
2012-03-23_06,274.52213
2012-03-23_12,275.1006
2012-03-23_18,278.94293
2012-03-24_00,276.71368
2012-03-24_06,277.68994
2012-03-24_12,273.38434
2012-03-24_18,270.70422
2012-03-25_00,272.41547
2012-03-25_06,273.94357
2012-03-25_12,270.27313
2012-03-25_18,268.2521
2012-03-26_00,271.0075
2012-03-26_06,274.24268
2012-03-26_12,270.4798
2012-03-26_18,267.9984
2012-03-27_00,271.0819
2012-03-27_06,279.97064
2012-03-27_12,273.20135
2012-03-27_18,270.78278
2012-03-28_00,273.94513
2012-03-28_06,275.81085
2012-03-28_12,272.84528
2012-03-28_18,268.57593
2012-03-29_00,275.0565
2012-03-29_06,284.2425
2012-03-29_12,275.20834
2012-03-29_18,273.677
2012-03-30_00,277.0313
2012-03-30_06,284.68762
2012-03-30_12,280.35303
2012-03-30_18,279.9872
2012-03-31_00,279.31244
2012-03-31_06,274.71948
2012-03-31_12,271.6905
2012-03-31_18,267.71747
2012-04-01_00,271.92847
2012-04-01_06,276.81348
2012-04-01_12,270.64996
2012-04-01_18,268.67084
2012-04-02_00,272.82245
2012-04-02_06,282.939
2012-04-02_12,276.6072
2012-04-02_18,274.06458
2012-04-03_00,278.36786
2012-04-03_06,280.0781
2012-04-03_12,275.91107
2012-04-03_18,271.82687
2012-04-04_00,271.94818
2012-04-04_06,275.73013
2012-04-04_12,272.20398
2012-04-04_18,271.28644
2012-04-05_00,275.79303
2012-04-05_06,278.52435
2012-04-05_12,274.47864
2012-04-05_18,271.23114
2012-04-06_00,274.21436
2012-04-06_06,275.93457
2012-04-06_12,270.95978
2012-04-06_18,268.84805
2012-04-07_00,272.28424
2012-04-07_06,273.69507
2012-04-07_12,269.9621
2012-04-07_18,265.90015
2012-04-08_00,271.55078
2012-04-08_06,282.7968
2012-04-08_12,277.08215
2012-04-08_18,273.00714
2012-04-09_00,280.0788
2012-04-09_06,284.70844
2012-04-09_12,279.83044
2012-04-09_18,275.8698
2012-04-10_00,280.86954
2012-04-10_06,288.08618
2012-04-10_12,280.83575
2012-04-10_18,279.46002
2012-04-11_00,279.51056
2012-04-11_06,279.7845
2012-04-11_12,279.5565
2012-04-11_18,279.55658
2012-04-12_00,281.26666
2012-04-12_06,290.167
2012-04-12_12,282.23553
2012-04-12_18,278.6045
2012-04-13_00,281.9743
2012-04-13_06,287.27454
2012-04-13_12,281.70416
2012-04-13_18,278.66235
2012-04-14_00,278.3122
2012-04-14_06,278.53964
2012-04-14_12,276.9765
2012-04-14_18,273.0452
2012-04-15_00,278.13477
2012-04-15_06,286.8432
2012-04-15_12,279.90863
2012-04-15_18,278.35968
2012-04-16_00,281.76028
2012-04-16_06,286.57416
2012-04-16_12,281.33505
2012-04-16_18,277.94226
2012-04-17_00,281.76868
2012-04-17_06,283.96613
2012-04-17_12,279.70306
2012-04-17_18,277.05756
2012-04-18_00,280.76904
2012-04-18_06,287.27655
2012-04-18_12,281.27863
2012-04-18_18,278.59167
2012-04-19_00,281.58667
2012-04-19_06,286.557
2012-04-19_12,281.41504
2012-04-19_18,279.6902
2012-04-20_00,281.11633
2012-04-20_06,282.50323
2012-04-20_12,280.34677
2012-04-20_18,278.88864
2012-04-21_00,280.80066
2012-04-21_06,287.73187
2012-04-21_12,281.4853
2012-04-21_18,278.6396
2012-04-22_00,278.38574
2012-04-22_06,279.27213
2012-04-22_12,279.00262
2012-04-22_18,279.0462
2012-04-23_00,280.90747
2012-04-23_06,284.86688
2012-04-23_12,283.04562
2012-04-23_18,278.9013
2012-04-24_00,284.4795
2012-04-24_06,291.15863
2012-04-24_12,284.77612
2012-04-24_18,280.68903
2012-04-25_00,284.271
2012-04-25_06,290.6189
2012-04-25_12,286.13477
2012-04-25_18,285.47937
2012-04-26_00,284.37213
2012-04-26_06,284.7287
2012-04-26_12,283.37805
2012-04-26_18,282.74133
2012-04-27_00,283.09113
2012-04-27_06,290.8335
2012-04-27_12,284.4527
2012-04-27_18,281.1339
2012-04-28_00,286.46558
2012-04-28_06,295.78705
2012-04-28_12,286.41418
2012-04-28_18,281.83075
2012-04-29_00,288.68347
2012-04-29_06,296.45676
2012-04-29_12,288.94263
2012-04-29_18,285.18176
2012-04-30_00,286.67096
2012-04-30_06,291.42444
2012-04-30_12,286.415
2012-04-30_18,283.7752
2012-05-01_00,286.3849
2012-05-01_06,290.55063
2012-05-01_12,286.39252
2012-05-01_18,285.29132
2012-05-02_00,285.47693
2012-05-02_06,284.8568
2012-05-02_12,284.98013
2012-05-02_18,284.33313
2012-05-03_00,285.4032
2012-05-03_06,290.70917
2012-05-03_12,286.41943
2012-05-03_18,283.89853
2012-05-04_00,286.4477
2012-05-04_06,288.1867
2012-05-04_12,282.297
2012-05-04_18,280.70685
2012-05-05_00,287.1029
2012-05-05_06,293.95605
2012-05-05_12,286.4878
2012-05-05_18,281.85483
2012-05-06_00,286.49298
2012-05-06_06,285.19806
2012-05-06_12,280.27014
2012-05-06_18,276.56216
2012-05-07_00,282.49628
2012-05-07_06,289.1441
2012-05-07_12,284.93958
2012-05-07_18,280.82562
2012-05-08_00,285.61368
2012-05-08_06,292.57767
2012-05-08_12,286.35016
2012-05-08_18,282.79376
2012-05-09_00,285.3825
2012-05-09_06,286.63477
2012-05-09_12,283.60693
2012-05-09_18,280.4803
2012-05-10_00,284.9281
2012-05-10_06,285.31073
2012-05-10_12,280.1963
2012-05-10_18,275.88327
2012-05-11_00,281.3462
2012-05-11_06,285.69403
2012-05-11_12,279.826
2012-05-11_18,276.8553
2012-05-12_00,280.52057
2012-05-12_06,283.57227
2012-05-12_12,276.6292
2012-05-12_18,273.86636
2012-05-13_00,280.60602
2012-05-13_06,289.03357
2012-05-13_12,283.09296
2012-05-13_18,278.65485
2012-05-14_00,285.8861
2012-05-14_06,292.6548
2012-05-14_12,286.29312
2012-05-14_18,283.16434
2012-05-15_00,283.14886
2012-05-15_06,284.82074
2012-05-15_12,284.5391
2012-05-15_18,283.92267
2012-05-16_00,286.28442
2012-05-16_06,292.5492
2012-05-16_12,285.903
2012-05-16_18,282.4653
2012-05-17_00,286.5746
2012-05-17_06,291.30017
2012-05-17_12,285.748
2012-05-17_18,281.69702
2012-05-18_00,284.22675
2012-05-18_06,286.56342
2012-05-18_12,281.2472
2012-05-18_18,277.48724
2012-05-19_00,285.06747
2012-05-19_06,292.8284
2012-05-19_12,286.24945
2012-05-19_18,282.33545
2012-05-20_00,287.38367
2012-05-20_06,291.67828
2012-05-20_12,286.58777
2012-05-20_18,283.1994
2012-05-21_00,286.32324
2012-05-21_06,291.5943
2012-05-21_12,286.08212
2012-05-21_18,281.63458
2012-05-22_00,283.31
2012-05-22_06,283.3801
2012-05-22_12,282.33582
2012-05-22_18,281.27863
2012-05-23_00,287.1985
2012-05-23_06,293.42133
2012-05-23_12,286.60468
2012-05-23_18,282.26215
2012-05-24_00,288.22906
2012-05-24_06,295.22766
2012-05-24_12,289.21533
2012-05-24_18,285.48965
2012-05-25_00,287.9542
2012-05-25_06,286.3803
2012-05-25_12,283.51175
2012-05-25_18,281.092
2012-05-26_00,286.9378
2012-05-26_06,292.83527
2012-05-26_12,287.0608
2012-05-26_18,282.6621
2012-05-27_00,288.06326
2012-05-27_06,293.53122
2012-05-27_12,287.16327
2012-05-27_18,282.91916
2012-05-28_00,288.52313
2012-05-28_06,288.76764
2012-05-28_12,285.33295
2012-05-28_18,282.6908
2012-05-29_00,287.06116
2012-05-29_06,289.8037
2012-05-29_12,283.91235
2012-05-29_18,282.4967
2012-05-30_00,286.04242
2012-05-30_06,291.01523
2012-05-30_12,286.64212
2012-05-30_18,284.43857
2012-05-31_00,287.2362
2012-05-31_06,291.4806
2012-05-31_12,287.2622
2012-05-31_18,284.89767
2012-06-01_00,289.4609
2012-06-01_06,289.56396
2012-06-01_12,286.4931
2012-06-01_18,284.45618
2012-06-02_00,287.94205
2012-06-02_06,292.1898
2012-06-02_12,286.12592
2012-06-02_18,284.1071
2012-06-03_00,287.42896
2012-06-03_06,288.32834
2012-06-03_12,285.94684
2012-06-03_18,282.82013
2012-06-04_00,288.7645
2012-06-04_06,294.5384
2012-06-04_12,289.0032
2012-06-04_18,286.25128
2012-06-05_00,288.25226
2012-06-05_06,291.00824
2012-06-05_12,287.01273
2012-06-05_18,284.85565
2012-06-06_00,286.06995
2012-06-06_06,290.1726
2012-06-06_12,287.28912
2012-06-06_18,283.97678
2012-06-07_00,289.47864
2012-06-07_06,293.55762
2012-06-07_12,289.08826
2012-06-07_18,284.91504
2012-06-08_00,291.05353
2012-06-08_06,294.43448
2012-06-08_12,288.41394
2012-06-08_18,285.4424
2012-06-09_00,285.4892
2012-06-09_06,287.5959
2012-06-09_12,287.03125
2012-06-09_18,286.44232
2012-06-10_00,289.03842
2012-06-10_06,292.44983
2012-06-10_12,288.96313
2012-06-10_18,286.6824
2012-06-11_00,289.3216
2012-06-11_06,292.13217
2012-06-11_12,288.60452
2012-06-11_18,286.95422
2012-06-12_00,286.67505
2012-06-12_06,286.3752
2012-06-12_12,284.65015
2012-06-12_18,284.35928
2012-06-13_00,288.6084
2012-06-13_06,293.24774
2012-06-13_12,288.60992
2012-06-13_18,286.4608
2012-06-14_00,290.21762
2012-06-14_06,295.15555
2012-06-14_12,289.87238
2012-06-14_18,287.53906
2012-06-15_00,291.40186
2012-06-15_06,295.73505
2012-06-15_12,289.95795
2012-06-15_18,287.55914
2012-06-16_00,286.68213
2012-06-16_06,290.11285
2012-06-16_12,290.11652
2012-06-16_18,289.64014
2012-06-17_00,291.30194
2012-06-17_06,296.6756
2012-06-17_12,290.57462
2012-06-17_18,286.3241
2012-06-18_00,291.60837
2012-06-18_06,297.5727
2012-06-18_12,292.65857
2012-06-18_18,288.74866
2012-06-19_00,288.8697
2012-06-19_06,290.2741
2012-06-19_12,289.31647
2012-06-19_18,290.16022
2012-06-20_00,292.84375
2012-06-20_06,294.58142
2012-06-20_12,290.47757
2012-06-20_18,286.3863
2012-06-21_00,288.78564
2012-06-21_06,289.5288
2012-06-21_12,288.229
2012-06-21_18,287.0933
2012-06-22_00,289.29578
2012-06-22_06,295.15332
2012-06-22_12,288.97327
2012-06-22_18,285.22552
2012-06-23_00,288.7371
2012-06-23_06,295.1029
2012-06-23_12,289.13538
2012-06-23_18,285.40137
2012-06-24_00,288.83307
2012-06-24_06,294.39282
2012-06-24_12,289.61304
2012-06-24_18,287.9699
2012-06-25_00,288.63162
2012-06-25_06,291.47043
2012-06-25_12,288.15057
2012-06-25_18,286.30054
2012-06-26_00,290.09485
2012-06-26_06,295.16995
2012-06-26_12,289.14005
2012-06-26_18,286.8261
2012-06-27_00,290.60693
2012-06-27_06,294.5184
2012-06-27_12,289.90698
2012-06-27_18,287.27017
2012-06-28_00,290.23843
2012-06-28_06,294.57574
2012-06-28_12,289.91083
2012-06-28_18,286.12415
2012-06-29_00,290.01257
2012-06-29_06,297.3225
2012-06-29_12,291.15607
2012-06-29_18,287.88388
2012-06-30_00,292.37177
2012-06-30_06,297.49252
2012-06-30_12,292.07413
2012-06-30_18,291.1604
2012-07-01_00,289.80383
2012-07-01_06,290.273
2012-07-01_12,289.11084
2012-07-01_18,288.89655
2012-07-02_00,292.07495
2012-07-02_06,298.39215
2012-07-02_12,292.2975
2012-07-02_18,289.5792
2012-07-03_00,291.7069
2012-07-03_06,290.32993
2012-07-03_12,289.3697
2012-07-03_18,288.46854
2012-07-04_00,292.84836
2012-07-04_06,299.30908
2012-07-04_12,293.57703
2012-07-04_18,290.17023
2012-07-05_00,293.0316
2012-07-05_06,296.7287
2012-07-05_12,292.25293
2012-07-05_18,289.4826
2012-07-06_00,292.48798
2012-07-06_06,293.00525
2012-07-06_12,290.8528
2012-07-06_18,290.4096
2012-07-07_00,292.26367
2012-07-07_06,294.77667
2012-07-07_12,290.01373
2012-07-07_18,288.39124
2012-07-08_00,290.57516
2012-07-08_06,294.9421
2012-07-08_12,290.04166
2012-07-08_18,288.86234
2012-07-09_00,292.81958
2012-07-09_06,295.72754
2012-07-09_12,292.00403
2012-07-09_18,288.93362
2012-07-10_00,293.33026
2012-07-10_06,298.2687
2012-07-10_12,293.44196
2012-07-10_18,290.31464
2012-07-11_00,293.73767
2012-07-11_06,296.7694
2012-07-11_12,293.63776
2012-07-11_18,292.2793
2012-07-12_00,292.68622
2012-07-12_06,294.5564
2012-07-12_12,292.88873
2012-07-12_18,291.76532
2012-07-13_00,294.47363
2012-07-13_06,298.28833
2012-07-13_12,293.22998
2012-07-13_18,291.99243
2012-07-14_00,293.81903
2012-07-14_06,298.8053
2012-07-14_12,294.3413
2012-07-14_18,292.52356
2012-07-15_00,294.42322
2012-07-15_06,299.771
2012-07-15_12,295.14465
2012-07-15_18,293.2313
2012-07-16_00,295.1845
2012-07-16_06,300.94125
2012-07-16_12,295.47247
2012-07-16_18,292.48767
2012-07-17_00,296.48782
2012-07-17_06,302.53204
2012-07-17_12,296.37836
2012-07-17_18,293.10492
2012-07-18_00,296.7798
2012-07-18_06,302.10278
2012-07-18_12,295.87808
2012-07-18_18,292.59863
2012-07-19_00,296.84204
2012-07-19_06,301.8181
2012-07-19_12,295.79578
2012-07-19_18,292.94464
2012-07-20_00,294.25452
2012-07-20_06,292.84103
2012-07-20_12,291.1719
2012-07-20_18,289.68146
2012-07-21_00,290.81763
2012-07-21_06,291.36584
2012-07-21_12,290.25388
2012-07-21_18,289.69086
2012-07-22_00,291.1587
2012-07-22_06,292.37665
2012-07-22_12,291.19556
2012-07-22_18,290.4179
2012-07-23_00,293.64465
2012-07-23_06,298.1808
2012-07-23_12,293.23376
2012-07-23_18,291.62964
2012-07-24_00,295.26544
2012-07-24_06,299.32996
2012-07-24_12,294.65247
2012-07-24_18,292.2858
2012-07-25_00,296.41913
2012-07-25_06,299.3662
2012-07-25_12,295.11118
2012-07-25_18,292.68405
2012-07-26_00,297.03436
2012-07-26_06,303.33923
2012-07-26_12,297.15744
2012-07-26_18,293.50745
2012-07-27_00,297.5349
2012-07-27_06,304.06775
2012-07-27_12,297.65344
2012-07-27_18,294.0855
2012-07-28_00,298.29663
2012-07-28_06,301.00885
2012-07-28_12,295.3877
2012-07-28_18,292.8471
2012-07-29_00,296.92313
2012-07-29_06,300.5678
2012-07-29_12,295.51224
2012-07-29_18,294.13678
2012-07-30_00,297.11786
2012-07-30_06,301.3919
2012-07-30_12,295.4616
2012-07-30_18,292.79184
2012-07-31_00,297.51465
2012-07-31_06,301.66852
2012-07-31_12,294.72284
2012-07-31_18,290.81366
2012-08-01_00,295.91406
2012-08-01_06,301.10626
2012-08-01_12,295.98962
2012-08-01_18,294.08286
2012-08-02_00,297.90823
2012-08-02_06,302.18903
2012-08-02_12,296.13065
2012-08-02_18,293.7697
2012-08-03_00,296.87366
2012-08-03_06,301.87723
2012-08-03_12,295.35315
2012-08-03_18,292.06036
2012-08-04_00,295.97223
2012-08-04_06,300.9781
2012-08-04_12,295.80978
2012-08-04_18,293.31366
2012-08-05_00,296.57654
2012-08-05_06,301.94696
2012-08-05_12,295.97217
2012-08-05_18,293.6413
2012-08-06_00,295.12018
2012-08-06_06,296.50003
2012-08-06_12,293.50305
2012-08-06_18,291.47424
2012-08-07_00,296.2005
2012-08-07_06,299.50876
2012-08-07_12,293.1255
2012-08-07_18,289.66705
2012-08-08_00,292.56
2012-08-08_06,298.24786
2012-08-08_12,292.8604
2012-08-08_18,290.3498
2012-08-09_00,293.01996
2012-08-09_06,299.25348
2012-08-09_12,293.13
2012-08-09_18,290.816
2012-08-10_00,294.46106
2012-08-10_06,299.91333
2012-08-10_12,294.4435
2012-08-10_18,291.89673
2012-08-11_00,295.77216
2012-08-11_06,296.28424
2012-08-11_12,292.76715
2012-08-11_18,291.51154
2012-08-12_00,295.246
2012-08-12_06,298.98285
2012-08-12_12,295.0229
2012-08-12_18,292.9469
2012-08-13_00,294.71796
2012-08-13_06,298.8804
2012-08-13_12,294.61786
2012-08-13_18,292.94482
2012-08-14_00,292.96317
2012-08-14_06,298.33386
2012-08-14_12,294.79468
2012-08-14_18,292.4684
2012-08-15_00,294.2256
2012-08-15_06,297.32043
2012-08-15_12,294.46408
2012-08-15_18,292.59558
2012-08-16_00,295.88834
2012-08-16_06,301.3924
2012-08-16_12,295.58334
2012-08-16_18,293.2132
2012-08-17_00,297.0959
2012-08-17_06,297.6996
2012-08-17_12,293.0298
2012-08-17_18,291.64856
2012-08-18_00,295.54907
2012-08-18_06,297.07263
2012-08-18_12,293.2273
2012-08-18_18,291.68195
2012-08-19_00,294.88788
2012-08-19_06,298.9004
2012-08-19_12,293.9093
2012-08-19_18,291.6864
2012-08-20_00,295.4223
2012-08-20_06,300.87445
2012-08-20_12,294.39655
2012-08-20_18,291.20398
2012-08-21_00,296.25366
2012-08-21_06,301.21732
2012-08-21_12,295.9146
2012-08-21_18,292.5421
2012-08-22_00,296.5002
2012-08-22_06,301.22015
2012-08-22_12,295.4023
2012-08-22_18,291.35242
2012-08-23_00,296.01398
2012-08-23_06,301.1016
2012-08-23_12,295.1839
2012-08-23_18,292.62137
2012-08-24_00,296.1399
2012-08-24_06,301.12115
2012-08-24_12,294.24573
2012-08-24_18,292.27573
2012-08-25_00,295.8429
2012-08-25_06,301.7055
2012-08-25_12,295.1299
2012-08-25_18,292.32663
2012-08-26_00,296.09882
2012-08-26_06,301.17017
2012-08-26_12,294.85443
2012-08-26_18,292.4629
2012-08-27_00,296.70947
2012-08-27_06,300.98102
2012-08-27_12,294.76993
2012-08-27_18,291.47925
2012-08-28_00,295.49243
2012-08-28_06,299.99866
2012-08-28_12,294.19714
2012-08-28_18,291.82803
2012-08-29_00,294.99005
2012-08-29_06,299.57388
2012-08-29_12,295.84677
2012-08-29_18,293.41077
2012-08-30_00,296.4771
2012-08-30_06,299.6383
2012-08-30_12,293.8188
2012-08-30_18,293.097
2012-08-31_00,296.11258
2012-08-31_06,299.0504
2012-08-31_12,294.51233
2012-08-31_18,291.4941
2012-09-01_00,294.36377
2012-09-01_06,296.7129
2012-09-01_12,291.8741
2012-09-01_18,290.77896
2012-09-02_00,292.0715
2012-09-02_06,296.72415
2012-09-02_12,291.7829
2012-09-02_18,290.80582
2012-09-03_00,293.4198
2012-09-03_06,296.7265
2012-09-03_12,291.9729
2012-09-03_18,290.97565
2012-09-04_00,293.57623
2012-09-04_06,297.45258
2012-09-04_12,293.10614
2012-09-04_18,289.91357
2012-09-05_00,294.00018
2012-09-05_06,299.98718
2012-09-05_12,294.98785
2012-09-05_18,290.99738
2012-09-06_00,293.49774
2012-09-06_06,295.28607
2012-09-06_12,291.12305
2012-09-06_18,288.4096
2012-09-07_00,293.56415
2012-09-07_06,299.32007
2012-09-07_12,293.205
2012-09-07_18,291.22958
2012-09-08_00,294.19815
2012-09-08_06,297.40448
2012-09-08_12,293.51047
2012-09-08_18,292.02393
2012-09-09_00,294.42136
2012-09-09_06,299.01184
2012-09-09_12,294.15268
2012-09-09_18,291.43768
2012-09-10_00,294.01685
2012-09-10_06,299.65848
2012-09-10_12,293.71136
2012-09-10_18,290.79816
2012-09-11_00,293.4519
2012-09-11_06,295.4524
2012-09-11_12,290.62958
2012-09-11_18,287.50568
2012-09-12_00,292.32574
2012-09-12_06,297.77826
2012-09-12_12,292.24023
2012-09-12_18,289.61084
2012-09-13_00,293.0976
2012-09-13_06,299.9118
2012-09-13_12,294.2826
2012-09-13_18,290.6184
2012-09-14_00,294.40527
2012-09-14_06,296.9311
2012-09-14_12,292.77957
2012-09-14_18,289.59122
2012-09-15_00,294.11768
2012-09-15_06,298.40747
2012-09-15_12,293.22333
2012-09-15_18,290.80313
2012-09-16_00,293.79535
2012-09-16_06,299.02948
2012-09-16_12,293.71753
2012-09-16_18,291.8908
2012-09-17_00,294.2018
2012-09-17_06,297.50323
2012-09-17_12,294.00165
2012-09-17_18,292.9737
2012-09-18_00,294.75055
2012-09-18_06,296.43835
2012-09-18_12,291.81342
2012-09-18_18,290.91394
2012-09-19_00,292.50812
2012-09-19_06,295.7541
2012-09-19_12,291.94904
2012-09-19_18,290.24493
2012-09-20_00,292.85565
2012-09-20_06,295.84857
2012-09-20_12,291.00244
2012-09-20_18,289.81866
2012-09-21_00,289.88388
2012-09-21_06,294.78668
2012-09-21_12,289.3604
2012-09-21_18,286.84528
2012-09-22_00,289.16608
2012-09-22_06,293.98285
2012-09-22_12,290.42456
2012-09-22_18,287.3139
2012-09-23_00,286.27826
2012-09-23_06,287.75922
2012-09-23_12,286.32922
2012-09-23_18,284.35883
2012-09-24_00,287.58612
2012-09-24_06,293.61697
2012-09-24_12,288.53705
2012-09-24_18,285.1725
2012-09-25_00,288.0335
2012-09-25_06,293.21857
2012-09-25_12,287.27234
2012-09-25_18,283.65723
2012-09-26_00,288.02344
2012-09-26_06,293.50946
2012-09-26_12,287.03558
2012-09-26_18,283.68915
2012-09-27_00,286.72888
2012-09-27_06,292.3059
2012-09-27_12,287.15936
2012-09-27_18,284.63022
2012-09-28_00,288.85992
2012-09-28_06,296.2365
2012-09-28_12,291.01642
2012-09-28_18,288.14294
2012-09-29_00,289.7536
2012-09-29_06,296.19177
2012-09-29_12,290.30804
2012-09-29_18,288.88037
2012-09-30_00,290.55878
2012-09-30_06,290.99356
2012-09-30_12,290.41534
2012-09-30_18,288.8883
2012-10-01_00,290.9461
2012-10-01_06,293.6596
2012-10-01_12,289.118
2012-10-01_18,287.19476
2012-10-02_00,288.90247
2012-10-02_06,291.98608
2012-10-02_12,289.00772
2012-10-02_18,287.4995
2012-10-03_00,288.86517
2012-10-03_06,292.59137
2012-10-03_12,288.38
2012-10-03_18,286.8411
2012-10-04_00,289.98724
2012-10-04_06,293.83252
2012-10-04_12,288.24756
2012-10-04_18,285.29773
2012-10-05_00,287.00677
2012-10-05_06,293.74628
2012-10-05_12,288.19348
2012-10-05_18,286.222
2012-10-06_00,287.37894
2012-10-06_06,291.43484
2012-10-06_12,287.7917
2012-10-06_18,284.54645
2012-10-07_00,286.10782
2012-10-07_06,288.97125
2012-10-07_12,284.83667
2012-10-07_18,281.1911
2012-10-08_00,284.4865
2012-10-08_06,290.68945
2012-10-08_12,285.3349
2012-10-08_18,283.0925
2012-10-09_00,285.492
2012-10-09_06,290.67865
2012-10-09_12,284.9062
2012-10-09_18,282.52826
2012-10-10_00,285.21558
2012-10-10_06,290.0089
2012-10-10_12,284.3849
2012-10-10_18,282.95526
2012-10-11_00,286.0985
2012-10-11_06,291.88184
2012-10-11_12,285.7372
2012-10-11_18,282.69806
2012-10-12_00,283.96057
2012-10-12_06,288.3658
2012-10-12_12,282.4809
2012-10-12_18,277.88287
2012-10-13_00,282.07364
2012-10-13_06,288.86948
2012-10-13_12,283.932
2012-10-13_18,280.25748
2012-10-14_00,283.79382
2012-10-14_06,289.07367
2012-10-14_12,284.9535
2012-10-14_18,280.4798
2012-10-15_00,284.08453
2012-10-15_06,291.30682
2012-10-15_12,285.18765
2012-10-15_18,281.9355
2012-10-16_00,283.54962
2012-10-16_06,290.49054
2012-10-16_12,283.64368
2012-10-16_18,280.26697
2012-10-17_00,284.92108
2012-10-17_06,285.4685
2012-10-17_12,285.82068
2012-10-17_18,285.58575
2012-10-18_00,285.19696
2012-10-18_06,285.3585
2012-10-18_12,282.30853
2012-10-18_18,281.38452
2012-10-19_00,282.14655
2012-10-19_06,286.31696
2012-10-19_12,279.0681
2012-10-19_18,277.06708
2012-10-20_00,280.59094
2012-10-20_06,288.51862
2012-10-20_12,281.90836
2012-10-20_18,278.95233
2012-10-21_00,282.3363
2012-10-21_06,290.94543
2012-10-21_12,282.51556
2012-10-21_18,279.7838
2012-10-22_00,283.16656
2012-10-22_06,289.68127
2012-10-22_12,284.31396
2012-10-22_18,285.05554
2012-10-23_00,285.0876
2012-10-23_06,282.80154
2012-10-23_12,279.8479
2012-10-23_18,275.80728
2012-10-24_00,278.91565
2012-10-24_06,284.90735
2012-10-24_12,277.88406
2012-10-24_18,276.5848
2012-10-25_00,280.25812
2012-10-25_06,288.0799
2012-10-25_12,280.8094
2012-10-25_18,277.9013
2012-10-26_00,281.10083
2012-10-26_06,288.07764
2012-10-26_12,282.8043
2012-10-26_18,280.2262
2012-10-27_00,281.46884
2012-10-27_06,286.6513
2012-10-27_12,281.41202
2012-10-27_18,280.04224
2012-10-28_00,280.95233
2012-10-28_06,282.4681
2012-10-28_12,282.062
2012-10-28_18,280.49805
2012-10-29_00,282.21863
2012-10-29_06,286.03314
2012-10-29_12,279.4728
2012-10-29_18,276.2036
2012-10-30_00,278.9308
2012-10-30_06,285.6264
2012-10-30_12,279.83368
2012-10-30_18,276.7284
2012-10-31_00,278.34326
2012-10-31_06,282.50726
2012-10-31_12,277.08942
2012-10-31_18,275.5022
2012-11-01_00,278.75256
2012-11-01_06,282.83853
2012-11-01_12,277.7354
2012-11-01_18,275.3684
2012-11-02_00,277.2838
2012-11-02_06,279.74872
2012-11-02_12,275.04852
2012-11-02_18,272.2069
2012-11-03_00,275.11414
2012-11-03_06,281.11136
2012-11-03_12,275.42294
2012-11-03_18,272.12988
2012-11-04_00,276.19214
2012-11-04_06,283.52466
2012-11-04_12,277.557
2012-11-04_18,274.55786
2012-11-05_00,278.76172
2012-11-05_06,285.12457
2012-11-05_12,282.938
2012-11-05_18,280.87622
2012-11-06_00,281.7985
2012-11-06_06,286.2569
2012-11-06_12,281.4495
2012-11-06_18,278.21097
2012-11-07_00,278.8208
2012-11-07_06,282.43634
2012-11-07_12,278.154
2012-11-07_18,276.49026
2012-11-08_00,278.80304
2012-11-08_06,283.93262
2012-11-08_12,279.21564
2012-11-08_18,276.93567
2012-11-09_00,278.50806
2012-11-09_06,283.49643
2012-11-09_12,277.28293
2012-11-09_18,274.1181
2012-11-10_00,276.78693
2012-11-10_06,283.45447
2012-11-10_12,277.51117
2012-11-10_18,274.51007
2012-11-11_00,276.72717
2012-11-11_06,278.4466
2012-11-11_12,279.12476
2012-11-11_18,279.61758
2012-11-12_00,281.6895
2012-11-12_06,285.262
2012-11-12_12,277.94675
2012-11-12_18,275.04504
2012-11-13_00,277.42294
2012-11-13_06,281.80225
2012-11-13_12,276.82224
2012-11-13_18,274.74664
2012-11-14_00,275.9098
2012-11-14_06,275.77698
2012-11-14_12,272.92175
2012-11-14_18,270.37445
2012-11-15_00,272.29132
2012-11-15_06,277.2048
2012-11-15_12,273.08188
2012-11-15_18,271.83362
2012-11-16_00,274.3459
2012-11-16_06,282.1136
2012-11-16_12,275.26053
2012-11-16_18,271.97537
2012-11-17_00,275.63705
2012-11-17_06,280.30133
2012-11-17_12,278.27228
2012-11-17_18,276.67087
2012-11-18_00,277.2284
2012-11-18_06,278.50763
2012-11-18_12,273.1009
2012-11-18_18,271.2008
2012-11-19_00,273.20856
2012-11-19_06,281.09305
2012-11-19_12,275.01794
2012-11-19_18,274.74377
2012-11-20_00,276.43054
2012-11-20_06,279.86993
2012-11-20_12,274.35452
2012-11-20_18,272.01352
2012-11-21_00,273.2514
2012-11-21_06,279.46506
2012-11-21_12,274.2221
2012-11-21_18,273.21295
2012-11-22_00,274.96906
2012-11-22_06,281.96686
2012-11-22_12,275.708
2012-11-22_18,273.99545
2012-11-23_00,275.50153
2012-11-23_06,278.97986
2012-11-23_12,276.7608
2012-11-23_18,274.60242
2012-11-24_00,274.8593
2012-11-24_06,278.82343
2012-11-24_12,273.4309
2012-11-24_18,270.2051
2012-11-25_00,272.1228
2012-11-25_06,279.7268
2012-11-25_12,274.7165
2012-11-25_18,273.4788
2012-11-26_00,276.01685
2012-11-26_06,279.66278
2012-11-26_12,277.82315
2012-11-26_18,274.90625
2012-11-27_00,273.38123
2012-11-27_06,275.23346
2012-11-27_12,270.2904
2012-11-27_18,267.54486
2012-11-28_00,270.98138
2012-11-28_06,278.87253
2012-11-28_12,272.86874
2012-11-28_18,269.8052
2012-11-29_00,274.24902
2012-11-29_06,279.6611
2012-11-29_12,275.97482
2012-11-29_18,274.40225
2012-11-30_00,274.91992
2012-11-30_06,279.72717
2012-11-30_12,276.13135
2012-11-30_18,272.81757
2012-12-01_00,273.29013
2012-12-01_06,273.30243
2012-12-01_12,269.4194
2012-12-01_18,267.41635
2012-12-02_00,270.00876
2012-12-02_06,274.52512
2012-12-02_12,271.74792
2012-12-02_18,270.24475
2012-12-03_00,271.36035
2012-12-03_06,278.3719
2012-12-03_12,274.30658
2012-12-03_18,273.8786
2012-12-04_00,276.36316
2012-12-04_06,276.44724
2012-12-04_12,271.92383
2012-12-04_18,269.18924
2012-12-05_00,271.24573
2012-12-05_06,276.70807
2012-12-05_12,272.03705
2012-12-05_18,272.8712
2012-12-06_00,274.41196
2012-12-06_06,273.50256
2012-12-06_12,269.56558
2012-12-06_18,267.7129
2012-12-07_00,269.2489
2012-12-07_06,275.00232
2012-12-07_12,269.6993
2012-12-07_18,270.03888
2012-12-08_00,273.10077
2012-12-08_06,271.6676
2012-12-08_12,267.56055
2012-12-08_18,266.92316
2012-12-09_00,268.34595
2012-12-09_06,269.07834
2012-12-09_12,266.69748
2012-12-09_18,266.48248
2012-12-10_00,267.55383
2012-12-10_06,269.40967
2012-12-10_12,266.8396
2012-12-10_18,265.12622
2012-12-11_00,267.85382
2012-12-11_06,272.58215
2012-12-11_12,268.883
2012-12-11_18,265.8634
2012-12-12_00,267.20444
2012-12-12_06,272.50146
2012-12-12_12,267.96936
2012-12-12_18,265.67096
2012-12-13_00,267.7244
2012-12-13_06,274.45728
2012-12-13_12,268.095
2012-12-13_18,265.70428
2012-12-14_00,268.2207
2012-12-14_06,275.70636
2012-12-14_12,271.52155
2012-12-14_18,272.5282
2012-12-15_00,275.4825
2012-12-15_06,276.92502
2012-12-15_12,275.91992
2012-12-15_18,275.41943
2012-12-16_00,274.57388
2012-12-16_06,279.14288
2012-12-16_12,274.08118
2012-12-16_18,271.98853
2012-12-17_00,272.49512
2012-12-17_06,277.60626
2012-12-17_12,276.70477
2012-12-17_18,275.0654
2012-12-18_00,274.691
2012-12-18_06,275.3996
2012-12-18_12,271.64984
2012-12-18_18,267.43954
2012-12-19_00,267.65308
2012-12-19_06,271.53247
2012-12-19_12,266.17444
2012-12-19_18,263.86716
2012-12-20_00,266.17847
2012-12-20_06,273.4198
2012-12-20_12,269.18823
2012-12-20_18,267.07684
2012-12-21_00,268.784
2012-12-21_06,274.49915
2012-12-21_12,271.5795
2012-12-21_18,271.1833
2012-12-22_00,272.63525
2012-12-22_06,275.02448
2012-12-22_12,272.35156
2012-12-22_18,269.41193
2012-12-23_00,269.02313
2012-12-23_06,275.0108
2012-12-23_12,270.94208
2012-12-23_18,267.44678
2012-12-24_00,267.88037
2012-12-24_06,269.88245
2012-12-24_12,266.299
2012-12-24_18,264.14655
2012-12-25_00,266.09094
2012-12-25_06,270.88898
2012-12-25_12,269.58258
2012-12-25_18,268.2312
2012-12-26_00,266.93356
2012-12-26_06,268.06677
2012-12-26_12,264.15338
2012-12-26_18,261.73602
2012-12-27_00,263.4201
2012-12-27_06,271.95682
2012-12-27_12,266.29254
2012-12-27_18,264.92776
2012-12-28_00,267.91498
2012-12-28_06,270.19342
2012-12-28_12,269.3545
2012-12-28_18,270.6995
2012-12-29_00,271.7614
2012-12-29_06,275.3932
2012-12-29_12,272.8581
2012-12-29_18,271.97635
2012-12-30_00,274.37378
2012-12-30_06,275.3119
2012-12-30_12,274.58295
2012-12-30_18,273.41354
2012-12-31_00,271.34393
2012-12-31_06,271.08807
2012-12-31_12,267.2468
2012-12-31_18,266.1765
